0
0
0
0
0
0
0
0
0
0
0
0
0.27025
0.297275
0.297275
0.0540499
0.0540499
0.27025
0.27025
0.27025
0.135125
0.135125
0.16215
0.243225
0.16215
0.16215
0.2162
0.189175
0.189175
0.189175
0.16215
0.16215
0.2162
0.16215
0.16215
0.16215
0.243225
0.2162
0.135125
0.135125
0.2162
0.2162
0.243225
0.135125
0.135125
0.189175
0.243225
0.1081
0.1081
0.243225
0.27025
0.27025
0.0810749
0.2162
0.2162
0.16215
0.16215
0.16215
0.189175
0.189175
0.189175
0.189175
0.135125
0.135125
0.2162
0.2162
0.2162
0.135125
0.135125
0.135125
0.27025
0.27025
0.0540499
0.0540499
0.189175
0.27025
0.27025
0.0540499
0.0540499
0.243225
0.243225
0.1081
0.0810749
0.0810749
0.2162
0.16215
0.16215
0.135125
0.135125
0.0810749
0.0810749
0.189175
0.189175
0.1081
0.1081
0.0540499
0.0540499
0.16215
0.1081
0.1081
