0.258112 -0.131239
0.502578 -0.126084
0.565758 -0.11832
0.605561 -0.203903
0.630005 -0.256462
0.815241 -0.283594
0.757774 -0.215051
0.8081 -0.258248
0.924614 -0.199342
0.825945 -0.0820275
0.851302 -0.181547
0.781929 -0.16173
0.82427 -0.230494
0.848937 -0.267733
0.77947 -0.209973
0.734814 -0.0799394
0.793999 -0.175272
0.831683 0.0185683
0.768873 -0.119836
0.728306 -0.194899
0.705387 -0.250933
0.691311 -0.199655
0.682667 -0.168164
0.761974 -0.144099
0.725061 -0.129383
0.702392 -0.120346
0.776767 -0.12408
0.993189 -0.121506
0.867057 -0.200867
0.789596 -0.164246
0.828978 -0.232039
0.765218 -0.178775
0.726061 -0.0607802
0.704008 -0.168566
0.691472 -0.23978
0.767382 -0.273435
0.728382 -0.294171
0.618805 -0.135976
0.638139 -0.129057
0.735964 -0.124744
0.709087 -0.117497
0.692582 -0.198404
0.682445 -0.162734
0.761838 -0.140764
0.810596 -0.212627
0.841875 -0.090127
0.688505 -0.0106665
0.766895 -0.0520368
0.728083 -0.0728449
0.704247 -0.0856238
0.604652 -0.0981794
0.714063 -0.10112
0.696639 -0.107651
0.771891 -0.111598
0.81677 -0.10936
0.759715 -0.198401
0.810628 -0.16733
0.754941 -0.14365
0.80636 -0.129044
0.925215 -0.295974
0.912266 -0.227253
0.902978 -0.265742
0.811656 -0.204088
0.842526 -0.170823
0.861485 -0.150394
0.87447 -0.0562602
0.881103 -0.0800372
0.799224 -0.00875882
0.662311 0.0393041
0.664857 -0.021412
0.579792 -0.0540823
0.698796 -0.0740382
0.686261 -0.171715
0.764182 -0.14628
0.727419 -0.135385
0.70384 -0.124032
0.776313 -0.121658
0.733867 -0.115601
0.794754 -0.11648
0.832146 -0.202705
0.852452 -0.160698
0.866244 -0.139514
0.874715 -0.211859
0.881253 -0.175595
0.799316 -0.153388
0.833612 -0.220379
0.945321 -0.190153
1.00889 -0.157522
0.963651 -0.142225
0.934535 -0.213524
0.919333 -0.181304
0.908654 -0.242515
0.816144 -0.194486
0.758328 -0.160327
0.80844 -0.139286
0.66864 -0.131135
0.667741 -0.121422
0.754144 -0.120055
0.721254 -0.119279
0.785672 -0.199432
